0.006 1 0.97500 -0.49083 -0.72500 -1.07996 
0.106 2 0.95500 -0.68717 -0.70500 -0.88363 
0.206 3 0.93500 -0.78533 -0.68500 -0.78546 
0.306 4 0.93000 -0.88350 -0.68000 -0.68730 
0.406 5 0.90500 -0.88350 -0.65500 -0.68730 
0.506 6 0.88500 -0.88350 -0.63500 -0.68730 
0.606 7 0.88000 -0.98167 -0.63000 -0.58913 
0.706 8 0.86500 -0.98167 -0.61500 -0.58913 
0.806 9 0.84500 -0.98167 -0.59500 -0.58913 
0.906 10 0.82000 -0.98167 -0.57000 -0.58913 
1.006 11 0.84000 -1.07983 -0.59000 -0.49096 
1.106 12 0.84000 -1.07983 -0.59000 -0.49096 
1.206 13 0.78500 -0.68717 -0.53500 -0.88363 
1.306 14 0.75500 -0.49083 -0.50500 -1.07996 
1.406 15 0.73000 -0.29450 -0.48000 -1.27630 
1.506 16 0.70500 -0.09817 -0.45500 -1.47263 
1.606 17 0.68000 0.09817 -0.43000 -1.66896 
1.706 18 0.65000 0.29450 -0.40000 -1.86530 
1.806 19 0.64500 0.29450 -0.39500 -1.86530 
1.906 20 0.63000 0.29450 -0.38000 -1.86530 
2.006 21 0.60000 0.29450 -0.35000 -1.86530 
2.106 22 0.57000 0.29450 -0.32000 -1.86530 
2.206 23 0.55000 0.09817 -0.30000 -1.66896 
2.306 24 0.52000 0.09817 -0.27000 -1.66896 
2.406 25 0.49500 -0.09817 -0.24500 -1.47263 
2.506 26 0.47500 -0.19633 -0.22500 -1.37446 
2.606 27 0.44500 -0.19633 -0.19500 -1.37446 
2.706 28 0.41500 -0.39267 -0.16500 -1.17813 
2.806 29 0.39500 -0.49083 -0.14500 -1.07996 
2.906 30 0.37000 -0.58900 -0.12000 -0.98180 
3.006 31 0.34500 -0.68717 -0.09500 -0.88363 
3.106 32 0.34000 -0.78533 -0.09000 -0.78546 
3.206 33 0.32000 -0.98167 -0.07000 -0.58913 
3.306 34 0.31000 -0.98167 -0.06000 -0.58913 
3.406 35 0.29000 -1.17800 -0.04000 -0.39280 
3.506 36 0.28500 -1.17800 -0.03500 -0.39280 
3.606 37 0.28000 -1.37433 -0.03000 -0.19646 
3.706 38 0.26500 -1.37433 -0.01500 -0.19646 
3.806 39 0.26000 -1.47250 -0.01000 -0.09830 
3.906 40 0.26500 -1.47250 -0.01500 -0.09830 
4.006 41 0.26000 -1.57067 -0.01000 -0.00013 
4.106 42 0.26000 -1.57067 -0.01000 -0.00013 
4.206 43 0.26000 -1.66883 -0.01000 0.09804 
4.306 44 0.26000 -1.57067 -0.01000 -0.00013 
4.406 45 0.25500 -1.27617 -0.00500 -0.29463 
4.506 46 0.25500 -1.66883 -0.00500 0.09804 
4.606 47 0.25000 -1.47250 0.00000 -0.09830 
4.706 48 0.24500 -1.47250 0.00500 -0.09830 
4.806 49 0.24000 -1.47250 0.01000 -0.09830 
4.906 50 0.24000 -1.66883 0.01000 0.09804 
5.006 51 0.23000 -1.37433 0.02000 -0.19646 
5.106 52 0.22500 -1.37433 0.02500 -0.19646 
5.206 53 0.22000 -1.47250 0.03000 -0.09830 
5.306 54 0.22000 -1.57067 0.03000 -0.00013 
5.407 55 0.22000 -1.57067 0.03000 -0.00013 
5.506 56 0.22000 -1.66883 0.03000 0.09804 
5.606 57 0.21500 -1.57067 0.03500 -0.00013 
5.706 58 0.21500 -1.37433 0.03500 -0.19646 
5.806 59 0.21500 -1.57067 0.03500 -0.00013 
5.906 60 0.22000 -1.86517 0.03000 0.29437 
6.006 61 0.22000 -1.57067 0.03000 -0.00013 
6.106 62 0.22000 -1.66883 0.03000 0.09804 
6.206 63 0.22000 -1.76700 0.03000 0.19620 
6.306 64 0.22000 -1.66883 0.03000 0.09804 
6.406 65 0.21500 -1.57067 0.03500 -0.00013 
6.506 66 0.21000 -1.57067 0.04000 -0.00013 
6.606 67 0.21000 -1.57067 0.04000 -0.00013 
6.706 68 0.21500 -1.76700 0.03500 0.19620 
6.806 69 0.21000 -1.66883 0.04000 0.09804 
6.906 70 0.21000 -1.66883 0.04000 0.09804 
7.006 71 0.21000 -1.76700 0.04000 0.19620 
7.106 72 0.20500 -1.57067 0.04500 -0.00013 
7.206 73 0.20000 -1.57067 0.05000 -0.00013 
7.306 74 0.20000 -1.57067 0.05000 -0.00013 
7.406 75 0.20000 -1.57067 0.05000 -0.00013 
7.506 76 0.20500 -1.86517 0.04500 0.29437 
7.606 77 0.20500 -1.76700 0.04500 0.19620 
7.706 78 0.20500 -1.66883 0.04500 0.09804 
7.806 79 0.20500 -1.66883 0.04500 0.09804 
7.906 80 0.20000 -1.76700 0.05000 0.19620 
8.006 81 0.20000 -1.57067 0.05000 -0.00013 
8.106 82 0.20000 -1.57067 0.05000 -0.00013 
8.206 83 0.19500 -1.57067 0.05500 -0.00013 
8.306 84 0.20000 -1.76700 0.05000 0.19620 
8.406 85 0.20500 -1.86517 0.04500 0.29437 
8.506 86 0.20500 -1.47250 0.04500 -0.09830 
8.606 87 0.20500 -1.76700 0.04500 0.19620 
8.706 88 0.21000 -1.76700 0.04000 0.19620 
8.806 89 0.21000 -1.76700 0.04000 0.19620 
8.906 90 0.21000 -1.66883 0.04000 0.09804 
9.006 91 0.21500 -1.66883 0.03500 0.09804 
9.106 92 0.21500 -1.76700 0.03500 0.19620 
9.206 93 0.21500 -1.66883 0.03500 0.09804 
9.306 94 0.21000 -1.47250 0.04000 -0.09830 
9.406 95 0.21000 -1.76700 0.04000 0.19620 
9.506 96 0.21500 -1.76700 0.03500 0.19620 
9.606 97 0.21500 -1.66883 0.03500 0.09804 
9.706 98 0.21500 -1.66883 0.03500 0.09804 
9.806 99 0.21000 -1.66883 0.04000 0.09804 
9.906 100 0.21000 -1.57067 0.04000 -0.00013 
10.006 101 0.21000 -1.66883 0.04000 0.09804 
10.106 102 0.21000 -1.76700 0.04000 0.19620 
10.206 103 0.20500 -1.47250 0.04500 -0.09830 
10.306 104 0.20500 -1.66883 0.04500 0.09804 
10.406 105 0.20500 -1.76700 0.04500 0.19620 
10.506 106 0.20500 -1.57067 0.04500 -0.00013 
10.606 107 0.20500 -1.66883 0.04500 0.09804 
10.706 108 0.20500 -1.66883 0.04500 0.09804 
10.806 109 0.21000 -1.76700 0.04000 0.19620 
10.906 110 0.20500 -1.47250 0.04500 -0.09830 
11.006 111 0.21000 -1.76700 0.04000 0.19620 
11.106 112 0.21000 -1.66883 0.04000 0.09804 
11.206 113 0.21000 -1.66883 0.04000 0.09804 
11.306 114 0.21000 -1.57067 0.04000 -0.00013 
11.406 115 0.21500 -1.76700 0.03500 0.19620 
11.506 116 0.22000 -1.86517 0.03000 0.29437 
11.606 117 0.22000 -1.57067 0.03000 -0.00013 
11.706 118 0.21500 -1.57067 0.03500 -0.00013 
11.806 119 0.22000 -1.76700 0.03000 0.19620 
11.906 120 0.22000 -1.57067 0.03000 -0.00013 
12.006 121 0.22000 -1.76700 0.03000 0.19620 
12.106 122 0.22000 -1.57067 0.03000 -0.00013 
12.206 123 0.22000 -1.66883 0.03000 0.09804 
12.306 124 0.21500 -1.66883 0.03500 0.09804 
12.406 125 0.21500 -1.66883 0.03500 0.09804 
12.506 126 0.21500 -1.66883 0.03500 0.09804 
12.606 127 0.21000 -1.47250 0.04000 -0.09830 
12.706 128 0.21000 -1.66883 0.04000 0.09804 
12.806 129 0.21000 -1.66883 0.04000 0.09804 
12.906 130 0.20500 0.19633 0.04500 -1.76713 
13.006 131 0.20000 0.00000 0.05000 -1.57080 
13.106 132 0.19500 -0.19633 0.05500 -1.37446 
13.206 133 0.19000 -0.39267 0.06000 -1.17813 
13.306 134 0.18500 -0.58900 0.06500 -0.98180 
13.406 135 0.18000 -0.78533 0.07000 -0.78546 
13.506 136 0.17500 -0.88350 0.07500 -0.68730 
13.606 137 0.17500 -1.17800 0.07500 -0.39280 
13.706 138 0.16500 -1.37433 0.08500 -0.19646 
13.806 139 0.16000 -1.66883 0.09000 0.09804 
13.906 140 0.15500 -1.57067 0.09500 -0.00013 
14.006 141 0.15500 -1.66883 0.09500 0.09804 
14.106 142 0.16000 -1.96333 0.09000 0.39254 
14.206 143 0.16000 -1.96333 0.09000 0.39254 
14.306 144 0.16000 -1.86517 0.09000 0.29437 
14.406 145 0.16000 -1.86517 0.09000 0.29437 
14.506 146 0.16000 -1.86517 0.09000 0.29437 
14.606 147 0.16000 -1.86517 0.09000 0.29437 
14.706 148 0.16500 -2.06150 0.08500 0.49070 
14.806 149 0.17000 -1.96333 0.08000 0.39254 
14.906 150 0.17500 -1.96333 0.07500 0.39254 
15.006 151 0.18000 -1.86517 0.07000 0.29437 
15.106 152 0.18000 -1.76700 0.07000 0.19620 
15.206 153 0.19000 -1.96333 0.06000 0.39254 
15.306 154 0.19500 -1.96333 0.05500 0.39254 
15.406 155 0.19500 -1.76700 0.05500 0.19620 
15.506 156 0.20000 -1.86517 0.05000 0.29437 
15.606 157 0.20500 -1.86517 0.04500 0.29437 
15.706 158 0.21000 -1.86517 0.04000 0.29437 
15.806 159 0.21000 -1.76700 0.04000 0.19620 
15.906 160 0.21500 -1.86517 0.03500 0.29437 
16.006 161 0.21500 -1.66883 0.03500 0.09804 
16.106 162 0.21500 -1.66883 0.03500 0.09804 
16.206 163 0.22000 -1.76700 0.03000 0.19620 
16.306 164 0.22500 -1.86517 0.02500 0.29437 
16.406 165 0.22500 -1.66883 0.02500 0.09804 
16.506 166 0.22500 -1.66883 0.02500 0.09804 
16.606 167 0.22500 -1.66883 0.02500 0.09804 
16.706 168 0.23000 -1.76700 0.02000 0.19620 
16.806 169 0.23000 -1.66883 0.02000 0.09804 
16.906 170 0.23000 -1.66883 0.02000 0.09804 
17.006 171 0.23000 -1.66883 0.02000 0.09804 
17.106 172 0.23000 -1.57067 0.02000 -0.00013 
17.206 173 0.23500 -1.76700 0.01500 0.19620 
17.306 174 0.23500 -1.66883 0.01500 0.09804 
17.406 175 0.24000 -1.76700 0.01000 0.19620 
17.506 176 0.24000 -1.76700 0.01000 0.19620 
17.606 177 0.25500 -1.86517 -0.00500 0.29437 
17.706 178 0.25500 -1.76700 -0.00500 0.19620 
17.806 179 0.25500 -1.76700 -0.00500 0.19620 
17.906 180 0.26500 -1.76700 -0.01500 0.19620 
18.006 181 0.27000 -1.76700 -0.02000 0.19620 
18.106 182 0.27000 -1.76700 -0.02000 0.19620 
18.206 183 0.28500 -1.76700 -0.03500 0.19620 
18.306 184 0.28500 -1.66883 -0.03500 0.09804 
18.406 185 0.29000 -1.66883 -0.04000 0.09804 
18.506 186 0.29000 -1.66883 -0.04000 0.09804 
18.606 187 0.29000 -1.66883 -0.04000 0.09804 
18.706 188 0.29000 -1.66883 -0.04000 0.09804 
18.806 189 0.30000 -1.57067 -0.05000 -0.00013 
18.906 190 0.30000 -1.57067 -0.05000 -0.00013 
19.006 191 0.30000 -1.57067 -0.05000 -0.00013 
19.106 192 0.30000 -1.57067 -0.05000 -0.00013 
19.206 193 0.29500 -1.47250 -0.04500 -0.09830 
19.306 194 0.29500 -1.57067 -0.04500 -0.00013 
19.406 195 0.29000 -1.47250 -0.04000 -0.09830 
19.506 196 0.28000 -1.37433 -0.03000 -0.19646 
19.606 197 0.28000 -1.47250 -0.03000 -0.09830 
19.706 198 0.27500 -1.47250 -0.02500 -0.09830 
19.806 199 0.27500 -1.57067 -0.02500 -0.00013 
19.906 200 0.27000 -1.57067 -0.02000 -0.00013 
20.006 201 0.27500 -1.57067 -0.02500 -0.00013 
20.106 202 0.28000 -1.66883 -0.03000 0.09804 
20.206 203 0.28000 -1.57067 -0.03000 -0.00013 
20.306 204 0.28500 -1.66883 -0.03500 0.09804 
20.406 205 0.28500 -1.66883 -0.03500 0.09804 
20.506 206 0.28000 -1.57067 -0.03000 -0.00013 
20.606 207 0.28500 -1.57067 -0.03500 -0.00013 
20.706 208 0.28500 -1.66883 -0.03500 0.09804 
20.806 209 0.28500 -1.57067 -0.03500 -0.00013 
20.906 210 0.29000 -1.66883 -0.04000 0.09804 
21.006 211 0.28500 -1.57067 -0.03500 -0.00013 
21.106 212 0.29000 -1.57067 -0.04000 -0.00013 
21.206 213 0.29000 -1.57067 -0.04000 -0.00013 
21.306 214 0.29000 -1.66883 -0.04000 0.09804 
21.406 215 0.29000 -1.57067 -0.04000 -0.00013 
21.506 216 0.28500 -1.47250 -0.03500 -0.09830 
21.606 217 0.28000 -1.47250 -0.03000 -0.09830 
21.706 218 0.27500 -1.47250 -0.02500 -0.09830 
21.806 219 0.27000 -1.47250 -0.02000 -0.09830 
21.906 220 0.26500 -1.47250 -0.01500 -0.09830 
22.006 221 0.26000 -1.47250 -0.01000 -0.09830 
22.106 222 0.25000 -1.37433 0.00000 -0.19646 
22.206 223 0.24500 -1.47250 0.00500 -0.09830 
22.306 224 0.24000 -1.47250 0.01000 -0.09830 
22.406 225 0.24000 -1.57067 0.01000 -0.00013 
22.506 226 0.23500 -1.57067 0.01500 -0.00013 
22.606 227 0.23000 -1.47250 0.02000 -0.09830 
22.706 228 0.22500 -1.47250 0.02500 -0.09830 
22.806 229 0.22500 -1.66883 0.02500 0.09804 
22.906 230 0.22500 -1.66883 0.02500 0.09804 
23.006 231 0.22500 -1.66883 0.02500 0.09804 
23.106 232 0.22000 -1.57067 0.03000 -0.00013 
23.206 233 0.22000 -1.66883 0.03000 0.09804 
23.306 234 0.22000 -1.66883 0.03000 0.09804 
23.406 235 0.22000 -1.66883 0.03000 0.09804 
23.506 236 0.21500 -1.57067 0.03500 -0.00013 
23.606 237 0.21500 -1.66883 0.03500 0.09804 
23.706 238 0.21500 -1.66883 0.03500 0.09804 
23.806 239 0.22000 -1.76700 0.03000 0.19620 
23.906 240 0.22000 -1.66883 0.03000 0.09804 
24.006 241 0.22000 -1.76700 0.03000 0.19620 
24.106 242 0.22000 -1.66883 0.03000 0.09804 
24.206 243 0.22000 -1.66883 0.03000 0.09804 
24.306 244 0.22000 -1.66883 0.03000 0.09804 
24.406 245 0.22000 -1.66883 0.03000 0.09804 
24.506 246 0.22000 -1.66883 0.03000 0.09804 
24.606 247 0.22000 -1.66883 0.03000 0.09804 
24.706 248 0.22500 -1.76700 0.02500 0.19620 
24.806 249 0.22500 -1.76700 0.02500 0.19620 
24.906 250 0.22500 -1.66883 0.02500 0.09804 
25.006 251 0.22500 -1.66883 0.02500 0.09804 
25.106 252 0.22500 -1.66883 0.02500 0.09804 
25.206 253 0.22500 -1.76700 0.02500 0.19620 
25.306 254 0.22000 -1.57067 0.03000 -0.00013 
25.406 255 0.22000 -1.66883 0.03000 0.09804 
25.506 256 0.22000 -1.57067 0.03000 -0.00013 
25.606 257 0.22500 -1.76700 0.02500 0.19620 
25.706 258 0.22500 -1.76700 0.02500 0.19620 
25.806 259 0.22500 -1.66883 0.02500 0.09804 
25.906 260 0.23000 -1.76700 0.02000 0.19620 
26.006 261 0.24000 -1.86517 0.01000 0.29437 
26.106 262 0.24500 -1.86517 0.00500 0.29437 
26.207 263 0.25500 -1.86517 -0.00500 0.29437 
26.306 264 0.25500 -1.76700 -0.00500 0.19620 
26.406 265 0.26500 -1.76700 -0.01500 0.19620 
26.506 266 0.27500 -1.76700 -0.02500 0.19620 
26.606 267 0.27500 -1.76700 -0.02500 0.19620 
26.706 268 0.27500 -1.76700 -0.02500 0.19620 
26.806 269 0.28500 -1.76700 -0.03500 0.19620 
26.906 270 0.29000 -1.66883 -0.04000 0.09804 
27.006 271 0.29000 -1.66883 -0.04000 0.09804 
27.106 272 0.29000 -1.66883 -0.04000 0.09804 
27.206 273 0.29000 -1.66883 -0.04000 0.09804 
27.306 274 0.29500 -1.57067 -0.04500 -0.00013 
27.406 275 0.29500 -1.57067 -0.04500 -0.00013 
27.506 276 0.29500 -1.57067 -0.04500 -0.00013 
27.606 277 0.29500 -1.57067 -0.04500 -0.00013 
27.706 278 0.29000 -1.37433 -0.04000 -0.19646 
27.806 279 0.29000 -1.57067 -0.04000 -0.00013 
27.906 280 0.28500 -1.47250 -0.03500 -0.09830 
28.006 281 0.28000 -1.47250 -0.03000 -0.09830 
28.106 282 0.27500 -1.37433 -0.02500 -0.19646 
28.206 283 0.27000 -1.47250 -0.02000 -0.09830 
28.306 284 0.27000 -1.57067 -0.02000 -0.00013 
28.406 285 0.26500 -1.47250 -0.01500 -0.09830 
28.506 286 0.26000 -1.47250 -0.01000 -0.09830 
28.606 287 0.25000 -1.37433 0.00000 -0.19646 
28.706 288 0.25000 -1.57067 0.00000 -0.00013 
28.806 289 0.25000 -1.57067 0.00000 -0.00013 
28.906 290 0.25000 -1.66883 0.00000 0.09804 
29.006 291 0.24000 -1.37433 0.01000 -0.19646 
29.106 292 0.24000 -1.37433 0.01000 -0.19646 
29.206 293 0.24500 -1.86517 0.00500 0.29437 
29.306 294 0.24500 -1.66883 0.00500 0.09804 
29.406 295 0.24000 -1.47250 0.01000 -0.09830 
29.507 296 0.24000 -1.57067 0.01000 -0.00013 
29.606 297 0.24000 -1.66883 0.01000 0.09804 
29.706 298 0.24000 -1.57067 0.01000 -0.00013 
29.806 299 0.24000 -1.66883 0.01000 0.09804 
29.906 300 0.24000 -1.66883 0.01000 0.09804 
30.006 301 0.24500 -1.76700 0.00500 0.19620 
30.106 302 0.24000 -1.47250 0.01000 -0.09830 
30.206 303 0.24500 -1.66883 0.00500 0.09804 
30.306 304 0.24000 -1.57067 0.01000 -0.00013 
30.406 305 0.24500 -1.66883 0.00500 0.09804 
30.506 306 0.24500 -1.76700 0.00500 0.19620 
30.606 307 0.24500 -1.66883 0.00500 0.09804 
30.706 308 0.24500 -1.47250 0.00500 -0.09830 
30.806 309 0.24500 -1.57067 0.00500 -0.00013 
30.906 310 0.24500 -1.66883 0.00500 0.09804 
31.006 311 0.25000 -1.66883 0.00000 0.09804 
31.106 312 0.25000 -1.66883 0.00000 0.09804 
31.206 313 0.25000 -1.66883 0.00000 0.09804 
31.306 314 0.25000 -1.57067 0.00000 -0.00013 
31.406 315 0.25000 -1.57067 0.00000 -0.00013 
31.506 316 0.25000 -1.66883 0.00000 0.09804 
31.606 317 0.25000 -1.57067 0.00000 -0.00013 
31.706 318 0.25500 -1.76700 -0.00500 0.19620 
31.806 319 0.25000 -1.47250 0.00000 -0.09830 
31.906 320 0.25000 -1.57067 0.00000 -0.00013 
32.006 321 0.25000 -1.66883 0.00000 0.09804 
32.106 322 0.25000 -1.57067 0.00000 -0.00013 
32.206 323 0.25500 -1.76700 -0.00500 0.19620 
32.306 324 0.25500 -1.76700 -0.00500 0.19620 
32.406 325 0.25000 -1.57067 0.00000 -0.00013 
32.506 326 0.24500 -1.47250 0.00500 -0.09830 
32.606 327 0.24000 -1.47250 0.01000 -0.09830 
32.706 328 0.24000 -1.66883 0.01000 0.09804 
32.806 329 0.24000 -1.66883 0.01000 0.09804 
32.906 330 0.24000 -1.57067 0.01000 -0.00013 
33.006 331 0.24000 -1.57067 0.01000 -0.00013 
33.106 332 0.23500 -1.47250 0.01500 -0.09830 
33.206 333 0.24000 -1.76700 0.01000 0.19620 
33.306 334 0.24500 -1.76700 0.00500 0.19620 
33.406 335 0.24000 -1.57067 0.01000 -0.00013 
33.506 336 0.24000 -1.66883 0.01000 0.09804 
33.606 337 0.24500 -1.66883 0.00500 0.09804 
33.706 338 0.24000 -1.57067 0.01000 -0.00013 
33.806 339 0.24000 -1.57067 0.01000 -0.00013 
33.906 340 0.24000 -1.57067 0.01000 -0.00013 
34.006 341 0.24500 -1.76700 0.00500 0.19620 
34.106 342 0.24500 -1.66883 0.00500 0.09804 
34.206 343 0.24500 -1.66883 0.00500 0.09804 
34.306 344 0.25000 -1.66883 0.00000 0.09804 
34.406 345 0.25000 -1.66883 0.00000 0.09804 
34.506 346 0.24500 -1.47250 0.00500 -0.09830 
34.606 347 0.25000 -1.76700 0.00000 0.19620 
34.706 348 0.24500 -1.47250 0.00500 -0.09830 
34.806 349 0.25000 -1.76700 0.00000 0.19620 
34.906 350 0.24500 -1.47250 0.00500 -0.09830 
35.006 351 0.25000 -1.76700 0.00000 0.19620 
35.106 352 0.25000 -1.66883 0.00000 0.09804 
35.206 353 0.24500 -1.57067 0.00500 -0.00013 
35.306 354 0.24500 -1.66883 0.00500 0.09804 
35.406 355 0.24500 -1.57067 0.00500 -0.00013 
35.506 356 0.24000 -1.57067 0.01000 -0.00013 
35.607 357 0.24000 -1.57067 0.01000 -0.00013 
35.706 358 0.24000 -1.57067 0.01000 -0.00013 
35.806 359 0.24500 -1.66883 0.00500 0.09804 
35.906 360 0.24500 -1.66883 0.00500 0.09804 
36.006 361 0.24500 -1.66883 0.00500 0.09804 
36.106 362 0.24500 -1.57067 0.00500 -0.00013 
36.206 363 0.24500 -1.66883 0.00500 0.09804 
36.306 364 0.24500 -1.57067 0.00500 -0.00013 
36.406 365 0.24500 -1.57067 0.00500 -0.00013 
36.506 366 0.25000 -1.76700 0.00000 0.19620 
36.606 367 0.25000 -1.57067 0.00000 -0.00013 
36.706 368 0.25000 -1.66883 0.00000 0.09804 
36.806 369 0.25000 -1.66883 0.00000 0.09804 
36.906 370 0.25000 -1.57067 0.00000 -0.00013 
37.006 371 0.25000 -1.57067 0.00000 -0.00013 
37.106 372 0.25000 -1.66883 0.00000 0.09804 
37.206 373 0.25000 -1.57067 0.00000 -0.00013 
37.306 374 0.25000 -1.57067 0.00000 -0.00013 
37.406 375 0.25000 -1.57067 0.00000 -0.00013 
37.506 376 0.25000 -1.66883 0.00000 0.09804 
37.606 377 0.25500 -1.66883 -0.00500 0.09804 
37.706 378 0.25500 -1.66883 -0.00500 0.09804 
37.806 379 0.25000 -1.57067 0.00000 -0.00013 
37.906 380 0.25000 -1.66883 0.00000 0.09804 
38.006 381 0.25000 -1.57067 0.00000 -0.00013 
38.106 382 0.24500 -1.47250 0.00500 -0.09830 
38.206 383 0.24500 -1.66883 0.00500 0.09804 
38.306 384 0.24500 -1.57067 0.00500 -0.00013 
38.406 385 0.24500 -1.66883 0.00500 0.09804 
38.506 386 0.24500 -1.57067 0.00500 -0.00013 
38.606 387 0.25000 -1.66883 0.00000 0.09804 
38.706 388 0.24500 -1.57067 0.00500 -0.00013 
38.806 389 0.25000 -1.76700 0.00000 0.19620 
38.906 390 0.25000 -1.76700 0.00000 0.19620 
39.006 391 0.24500 -1.47250 0.00500 -0.09830 
39.106 392 0.24000 -1.57067 0.01000 -0.00013 
39.206 393 0.24000 -1.66883 0.01000 0.09804 
39.306 394 0.24000 -1.66883 0.01000 0.09804 
39.406 395 0.23500 -1.47250 0.01500 -0.09830 
39.506 396 0.23500 -1.57067 0.01500 -0.00013 
39.606 397 0.24000 -1.76700 0.01000 0.19620 
39.706 398 0.23500 -1.47250 0.01500 -0.09830 
39.806 399 0.24000 -1.76700 0.01000 0.19620 
39.906 400 0.23500 -1.57067 0.01500 -0.00013 
40.006 401 0.23500 -1.57067 0.01500 -0.00013 
40.106 402 0.24500 -1.76700 0.00500 0.19620 
40.206 403 0.24500 -1.76700 0.00500 0.19620 
40.306 404 0.24500 -1.66883 0.00500 0.09804 
40.406 405 0.24500 -1.57067 0.00500 -0.00013 
40.506 406 0.24500 -1.66883 0.00500 0.09804 
40.606 407 0.24000 -1.47250 0.01000 -0.09830 
40.706 408 0.24500 -1.76700 0.00500 0.19620 
40.806 409 0.24500 -1.66883 0.00500 0.09804 
40.906 410 0.24500 -1.57067 0.00500 -0.00013 
41.006 411 0.24500 -1.57067 0.00500 -0.00013 
41.106 412 0.24500 -1.66883 0.00500 0.09804 
41.206 413 0.25000 -1.66883 0.00000 0.09804 
41.306 414 0.25000 -1.66883 0.00000 0.09804 
41.406 415 0.24500 -1.57067 0.00500 -0.00013 
41.506 416 0.24500 -1.57067 0.00500 -0.00013 
41.606 417 0.25000 -1.66883 0.00000 0.09804 
41.706 418 0.25000 -1.66883 0.00000 0.09804 
41.806 419 0.25000 -1.66883 0.00000 0.09804 
41.906 420 0.25000 -1.66883 0.00000 0.09804 
42.006 421 0.25000 -1.57067 0.00000 -0.00013 
42.106 422 0.24500 -1.57067 0.00500 -0.00013 
42.206 423 0.24500 -1.66883 0.00500 0.09804 
42.306 424 0.24500 -1.66883 0.00500 0.09804 
42.406 425 0.24500 -1.57067 0.00500 -0.00013 
42.506 426 0.24500 -1.57067 0.00500 -0.00013 
42.606 427 0.24500 -1.66883 0.00500 0.09804 
42.706 428 0.24000 -1.66883 0.01000 0.09804 
42.806 429 0.24000 -1.47250 0.01000 -0.09830 
42.906 430 0.24000 -1.66883 0.01000 0.09804 
43.006 431 0.24000 -1.57067 0.01000 -0.00013 
43.106 432 0.24000 -1.66883 0.01000 0.09804 
43.206 433 0.24000 -1.66883 0.01000 0.09804 
43.306 434 0.24500 -1.76700 0.00500 0.19620 
43.406 435 0.24500 -1.66883 0.00500 0.09804 
43.506 436 0.24000 -1.57067 0.01000 -0.00013 
43.606 437 0.24000 -1.57067 0.01000 -0.00013 
43.706 438 0.24000 -1.76700 0.01000 0.19620 
43.806 439 0.24000 -1.57067 0.01000 -0.00013 
43.906 440 0.23500 -1.66883 0.01500 0.09804 
44.006 441 0.23500 -1.57067 0.01500 -0.00013 
44.106 442 0.23500 -1.66883 0.01500 0.09804 
44.206 443 0.23500 -1.47250 0.01500 -0.09830 
44.306 444 0.23500 -1.66883 0.01500 0.09804 
44.406 445 0.24000 -1.76700 0.01000 0.19620 
44.506 446 0.24000 -1.66883 0.01000 0.09804 
44.606 447 0.24500 -1.76700 0.00500 0.19620 
44.706 448 0.24000 -1.57067 0.01000 -0.00013 
44.806 449 0.24500 -1.76700 0.00500 0.19620 
44.906 450 0.24500 -1.66883 0.00500 0.09804 
45.006 451 0.25000 -1.76700 0.00000 0.19620 
45.106 452 0.25500 -1.76700 -0.00500 0.19620 
45.206 453 0.26000 -1.76700 -0.01000 0.19620 
45.306 454 0.26500 -1.76700 -0.01500 0.19620 
45.407 455 0.27000 -1.76700 -0.02000 0.19620 
45.506 456 0.27500 -1.66883 -0.02500 0.09804 
45.606 457 0.28000 -1.76700 -0.03000 0.19620 
45.706 458 0.28000 -1.76700 -0.03000 0.19620 
45.806 459 0.28000 -1.66883 -0.03000 0.09804 
45.906 460 0.28000 -1.66883 -0.03000 0.09804 
46.006 461 0.28000 -1.66883 -0.03000 0.09804 
46.106 462 0.29000 -1.57067 -0.04000 -0.00013 
46.207 463 0.28500 -1.66883 -0.03500 0.09804 
46.307 464 0.29000 -1.57067 -0.04000 -0.00013 
46.408 465 0.29000 -1.66883 -0.04000 0.09804 
46.507 466 0.29000 -1.57067 -0.04000 -0.00013 
46.606 467 0.29000 -1.57067 -0.04000 -0.00013 
46.706 468 0.29000 -1.57067 -0.04000 -0.00013 
46.806 469 0.28000 -1.37433 -0.03000 -0.19646 
46.906 470 0.27500 -1.47250 -0.02500 -0.09830 
47.006 471 0.27000 -1.47250 -0.02000 -0.09830 
47.106 472 0.27000 -1.57067 -0.02000 -0.00013 
47.206 473 0.27000 -1.57067 -0.02000 -0.00013 
47.306 474 0.27500 -1.57067 -0.02500 -0.00013 
47.406 475 0.27500 -1.57067 -0.02500 -0.00013 
47.506 476 0.27000 -1.66883 -0.02000 0.09804 
47.606 477 0.27500 -1.66883 -0.02500 0.09804 
47.706 478 0.28000 -1.66883 -0.03000 0.09804 
47.806 479 0.28500 -1.66883 -0.03500 0.09804 
47.906 480 0.29000 -1.57067 -0.04000 -0.00013 
48.006 481 0.28500 -1.66883 -0.03500 0.09804 
48.106 482 0.29000 -1.57067 -0.04000 -0.00013 
48.206 483 0.28500 -1.66883 -0.03500 0.09804 
48.306 484 0.29000 -1.57067 -0.04000 -0.00013 
48.406 485 0.29000 -1.57067 -0.04000 -0.00013 
48.506 486 0.29000 -1.66883 -0.04000 0.09804 
48.606 487 0.29000 -1.57067 -0.04000 -0.00013 
48.706 488 0.29000 -1.57067 -0.04000 -0.00013 
48.806 489 0.29000 -1.57067 -0.04000 -0.00013 
48.906 490 0.29000 -1.57067 -0.04000 -0.00013 
49.006 491 0.28500 -1.47250 -0.03500 -0.09830 
49.107 492 0.27000 -1.17800 -0.02000 -0.39280 
49.207 493 0.26500 -1.37433 -0.01500 -0.19646 
49.307 494 0.26000 -1.37433 -0.01000 -0.19646 
49.406 495 0.25500 -1.37433 -0.00500 -0.19646 
49.506 496 0.25000 -1.57067 0.00000 -0.00013 
49.607 497 0.24000 -1.27617 0.01000 -0.29463 
49.706 498 0.24000 -1.57067 0.01000 -0.00013 
49.806 499 0.23000 -1.37433 0.02000 -0.19646 
49.907 500 0.23000 -1.57067 0.02000 -0.00013 
50.006 501 0.22000 -1.27617 0.03000 -0.29463 
50.106 502 0.22000 -1.66883 0.03000 0.09804 
50.206 503 0.22000 -1.57067 0.03000 -0.00013 
50.306 504 0.21500 -1.57067 0.03500 -0.00013 
50.406 505 0.21500 -1.57067 0.03500 -0.00013 
50.506 506 0.21000 -1.66883 0.04000 0.09804 
50.607 507 0.20500 -1.57067 0.04500 -0.00013 
50.706 508 0.20500 -1.66883 0.04500 0.09804 
50.806 509 0.20000 -1.66883 0.05000 0.09804 
50.906 510 0.20000 -1.57067 0.05000 -0.00013 
51.006 511 0.20000 -1.66883 0.05000 0.09804 
51.106 512 0.19500 -1.66883 0.05500 0.09804 
51.206 513 0.19500 -1.57067 0.05500 -0.00013 
51.306 514 0.19500 -1.57067 0.05500 -0.00013 
51.406 515 0.20000 -1.86517 0.05000 0.29437 
51.506 516 0.20000 -1.76700 0.05000 0.19620 
51.606 517 0.20000 -1.66883 0.05000 0.09804 
51.706 518 0.20500 -1.86517 0.04500 0.29437 
51.806 519 0.20000 -1.57067 0.05000 -0.00013 
51.907 520 0.20000 -1.76700 0.05000 0.19620 
52.007 521 0.20000 -1.57067 0.05000 -0.00013 
